0,517
0,516
0,515
0,514
0,513
0,512
0,511
0,510
0,509
0,508
0,507
0,506
0,505
0,504
0,503
0,502
0,501
0,500
0,499
0,498
0,497
0,496
0,495
0,494
0,493
0,492
0,491
0,490
0,489
0,488
0,487
0,486
0,485
0,484
40,35
3,2
10,186
10,84
10,242
10,290
10,88
10,144
10,184
10,78
10,2
10,3
11,20
11,6
9,2
9,3
8,13
8,11
8,16
8,10
8,6
8,2
8,3
39,5
39,4
39,3
39,2
39,1
39,0
33,3
33,2
33,1
25,3
25,2
25,1
25,0
20,3
20,2
20,1
19,3
19,2
19,1
12,3
12,2
12,1
11,29
11,28
11,27
11,26
11,25
11,24
11,23
11,22
11,21
11,18
11,17
11,16
11,15
11,14
11,13
11,12
11,11
11,10
11,8
11,7
11,5
11,1
11,4
11,3
11,2
10,244
18,1
